wavelength	varian
900	0.144985348
899	0.1482502967
898	0.1571265608
897	0.159512043
896	0.1683574915
895	0.1754225492
894	0.1851397008
893	0.1936633736
892	0.2048894614
891	0.218556419
890	0.2260422558
889	0.235593155
888	0.2449795455
887	0.2529919446
886	0.262860924
885	0.2759362757
884	0.2894206643
883	0.3093414009
882	0.3316117525
881	0.360883832
880	0.3959822059
879	0.4344215691
878	0.4738151133
877	0.5087984204
876	0.534001708
875	0.5380479693
874	0.5224994421
873	0.4885314405
872	0.4488202333
871	0.4119798541
870	0.3807317019
869	0.3606117964
868	0.3502979875
867	0.3481851816
866	0.3517569005
865	0.3529877961
864	0.3559408486
863	0.3517748713
862	0.3424360454
861	0.3271218538
860	0.30612728
859	0.2796813846
858	0.252548784
857	0.2241943777
856	0.1970967054
855	0.1723335683
854	0.1495017409
853	0.131997183
852	0.1167681888
851	0.105033718
850	0.09657995403
849	0.0889929086
848	0.08386842161
847	0.08105979115
846	0.079688631
845	0.07903456688
844	0.07876583189
843	0.07985320687
842	0.08014294505
841	0.0822949484
840	0.08551972359
839	0.08891827613
838	0.0925032571
837	0.09727661312
836	0.1035319418
835	0.1100019887
834	0.1185126081
833	0.1284336597
832	0.1383710355
831	0.1507096589
830	0.163374424
829	0.177517876
828	0.193146795
827	0.2093211561
826	0.227682054
825	0.2461161166
824	0.2678264678
823	0.2932462692
822	0.3209167719
821	0.3531475365
820	0.3876443505
819	0.4252682626
818	0.4656440318
817	0.5103743076
816	0.5601661801
815	0.6159188747
814	0.6799330115
813	0.7511966228
812	0.831248045
811	0.9198257923
810	1.016173005
809	1.126508474
808	1.25418222
807	1.398109078
806	1.548417211
805	1.67648232
804	1.759492874
803	1.772318363
802	1.723197699
801	1.641681671
800	1.54367137
799	1.469181061
798	1.414809942
797	1.375670433
796	1.329285145
795	1.265448809
794	1.183101416
793	1.080722809
792	0.9678806663
791	0.8497356176
790	0.7344298363
789	0.6319854856
788	0.543146193
787	0.4683248401
786	0.4078867137
785	0.357486248
784	0.3175986111
783	0.2853274643
782	0.2591656744
781	0.2387983352
780	0.2206571549
779	0.2050422579
778	0.191181466
777	0.179105103
776	0.169162333
775	0.1618268341
774	0.1572681665
773	0.1555877775
772	0.1566914469
771	0.16136612
770	0.1697102636
769	0.1817443371
768	0.1985597163
767	0.2195204943
766	0.2454180121
765	0.2749619186
764	0.3085037172
763	0.3437193334
762	0.3822316229
761	0.4239744842
760	0.4733579755
759	0.5312893987
758	0.5998840332
757	0.6768064499
756	0.7580987215
755	0.8372837305
754	0.910310626
753	0.977031827
752	1.041404724
751	1.108717799
750	1.187526584
749	1.264549255
748	1.325626254
747	1.346276641
746	1.326148272
745	1.289891601
744	1.269965529
743	1.279924393
742	1.309133887
741	1.326865196
740	1.313625574
739	1.279513836
738	1.242625833
737	1.212550282
736	1.185206413
735	1.133632183
734	1.035308123
733	0.8935542703
732	0.7281020284
731	0.5710169077
730	0.4382916987
729	0.3359145522
728	0.2607939243
727	0.2080084234
726	0.1705460697
725	0.143713966
724	0.1239375174
723	0.109511219
722	0.09838490188
721	0.09000242501
720	0.08337675035
719	0.07803889364
718	0.07363400608
717	0.07018433511
716	0.06737856567
715	0.06455788016
714	0.06225971505
713	0.06085169688
712	0.05957235396
711	0.05847010761
710	0.05769561604
709	0.05719349906
708	0.05675060302
707	0.05679691955
706	0.05692371354
705	0.05717911944
704	0.05795546994
703	0.0588699989
702	0.06010564789
701	0.06154751405
700	0.06335414201
699	0.06553971022
698	0.06831641495
697	0.07154753059
696	0.0752614364
695	0.07915202528
694	0.08364305645
693	0.0884546563
692	0.09343294799
691	0.09900160879
690	0.1047409624
689	0.1107075661
688	0.1164572239
687	0.1226667613
686	0.1296437234
685	0.1377156228
684	0.1471365392
683	0.1567843258
682	0.1643267721
681	0.167682603
680	0.1664745361
679	0.1618772596
678	0.1554275453
677	0.1479965746
676	0.1397101879
675	0.1310335398
674	0.1223471165
673	0.113980934
672	0.1058858335
671	0.09805600345
670	0.09038765728
669	0.08319057524
668	0.0765870735
667	0.07061575353
666	0.06549522281
665	0.06103660911
664	0.0575240925
663	0.05470876396
662	0.05239584297
661	0.05081073567
660	0.0494771488
659	0.04871460795
658	0.04789761081
657	0.04751904309
656	0.04690495878
655	0.04675015435
654	0.04646554217
653	0.04633747414
652	0.04626916721
651	0.04637503251
650	0.04647579789
649	0.04660430923
648	0.0469809249
647	0.04736962169
646	0.04792067781
645	0.04855799675
644	0.04940686747
643	0.05043936148
642	0.05151480064
641	0.05216214806
640	0.05273981392
639	0.05356808379
638	0.05464484915
637	0.05577067658
636	0.05698799342
635	0.05832726136
634	0.0598923713
633	0.06219088659
632	0.06510449201
631	0.0680526793
630	0.07093922794
629	0.07414934039
628	0.07778572291
627	0.08051133156
626	0.08125731349
625	0.08034843951
624	0.0790624842
623	0.07748306543
622	0.07469315827
621	0.07029902935
620	0.06524763256
619	0.06049627811
618	0.05727881938
617	0.05548315123
616	0.05504079163
615	0.05568097159
614	0.05757400766
613	0.06057650223
612	0.06486301869
611	0.07129888237
610	0.08027462661
609	0.09199355543
608	0.1067791432
607	0.1249598637
606	0.1465048343
605	0.171946764
604	0.2009292394
603	0.2343234122
602	0.2717582583
601	0.3127214015
600	0.3575092554
599	0.4058456421
598	0.4593621492
597	0.520085752
596	0.5911456943
595	0.6749694943
594	0.7742846608
593	0.8897626996
592	1.022040606
591	1.165064931
590	1.309605122
589	1.444927573
588	1.554413438
587	1.632362366
586	1.68202126
585	1.708504081
584	1.721772313
583	1.723908424
582	1.717635036
581	1.702722907
580	1.677378416
579	1.641053438
578	1.595923901
577	1.55019474
576	1.508059144
575	1.461583376
574	1.401139736
573	1.308820844
572	1.174447417
571	0.9975423813
570	0.7955836058
569	0.6009747386
568	0.420758307
567	0.3114495575
566	0.2247761041
565	0.1680391431
564	0.1315299124
563	0.108407855
562	0.09360603243
561	0.08356708288
560	0.0766184479
559	0.07150034606
558	0.06812886149
557	0.06544335932
556	0.06355884671
555	0.06219868362
554	0.06127554551
553	0.06055599824
552	0.06035686657
551	0.06014626101
550	0.06031451002
549	0.06051600352
548	0.06129062921
547	0.06274801493
546	0.06513507664
545	0.06869675964
544	0.07384383678
543	0.08067298681
542	0.08960416913
541	0.100742653
540	0.1139658615
539	0.1292990446
538	0.1463613659
537	0.1653935313
536	0.1879477203
535	0.2148478329
534	0.248430863
533	0.2898610234
532	0.3406156003
531	0.4030909538
530	0.4781553745
529	0.5661178231
528	0.6632999182
527	0.7527304888
526	0.808371067
525	0.8095927238
524	0.7569108009
523	0.6676519513
522	0.5652196407
521	0.473377794
520	0.4071221352
519	0.3702937663
518	0.3578976095
517	0.3624215722
516	0.3801139593
515	0.4063844085
514	0.4346771538
513	0.4544940889
512	0.456610918
511	0.4372721016
510	0.4019220769
509	0.3583221436
508	0.3133582473
507	0.2727267742
506	0.2389910072
505	0.2122004181
504	0.1910893023
503	0.1743893027
502	0.1605179161
501	0.1485884488
500	0.1376061141
499	0.1277992576
498	0.1186520979
497	0.1106138453
496	0.103816092
495	0.09898196906
494	0.096182473
493	0.09615375847
492	0.09937343001
491	0.1060189456
490	0.1165729985
489	0.1315341592
488	0.1504766792
487	0.173542738
486	0.2012090832
485	0.2318142205
484	0.2609906197
483	0.280819416
482	0.2851176858
481	0.2770398855
480	0.2653304935
479	0.2601530552
478	0.2650448382
477	0.2769682705
476	0.2915773094
475	0.3076040745
474	0.3262665868
473	0.3432629108
472	0.3507557511
471	0.3458198011
470	0.3324916959
469	0.3182007074
468	0.3059389889
467	0.2968044877
466	0.2897106409
465	0.2844401002
464	0.2801122367
463	0.2755940557
462	0.2704273462
461	0.2650847435
460	0.259557873
459	0.2544567585
458	0.2500168979
457	0.2465587854
456	0.245569393
455	0.2477437854
454	0.2538517118
453	0.2643286586
452	0.2789489925
451	0.2968470454
450	0.3170720637
449	0.3363810778
448	0.3508065343
447	0.358710438
446	0.3611032367
445	0.3612276614
444	0.3615562618
443	0.360421896
442	0.3546925485
441	0.3422519863
440	0.3211901188
439	0.2935533226
438	0.2620462775
437	0.2303192317
436	0.2008172274
435	0.176410377
434	0.1597560197
433	0.1528462023
432	0.1572770476
431	0.1703438163
430	0.1724851876
429	0.1432687789
428	0.09783618897
427	0.06600429118
426	0.05293773487
425	0.04916189983
424	0.04890322685
423	0.04884175584
422	0.04800659418
421	0.04608531296
420	0.04460578039
419	0.04334937409
418	0.04203256965
417	0.04013185576
416	0.03803034499
415	0.03629697859
414	0.03497963399
413	0.03436724097
412	0.0338694565
411	0.03366445377
410	0.03345980123
409	0.03369751945
408	0.03394051641
407	0.0341604054
406	0.03434535861
405	0.03468319774
404	0.03495901078
403	0.03514071181
402	0.03549209237
401	0.03543818742
400	0.03555496037
399	0.03536418825
398	0.03530053049
397	0.03520355746
396	0.03547888994
395	0.03559154272
394	0.03622946888
393	0.03626354411
392	0.03638166562
391	0.03703380749
390	0.03757096455
389	0.03808527812
388	0.03861646727
387	0.04001197219
386	0.04190814123
385	0.0443148315
384	0.04736892879
383	0.0486371778
382	0.04762721062
381	0.04635858908
380	0.04554919899
379	0.04534510523
378	0.04555676132
377	0.04547529295
376	0.04608879611
375	0.04700284824
374	0.04778238386
373	0.04933836311
372	0.05088549852
371	0.05247257277
370	0.05454337597
369	0.05904605985
368	0.06859070808
367	0.07842534035
366	0.09722398967
365	0.1258723587
364	0.1715959907
363	0.234025538
362	0.3286537528
361	0.4589115381
360	0.6175368428
359	0.7783056498
358	0.8888822794
357	0.89025563
356	0.8114618659
355	0.7238045335
354	0.6785296202
353	0.6759134531
352	0.6946881413
351	0.7083588839
350	0.7053202987
349	0.6452969313
348	0.4691768289
347	0.3642994165
346	0.2826704085
345	0.2400134504
344	0.2231074423
343	0.2201873958
342	0.2222694159
341	0.2260492146
340	0.2314822525
339	0.2390175313
338	0.2496925145
337	0.2650521398
336	0.2844713926
335	0.3054371476
334	0.3254179358
333	0.3470806777
332	0.3644107282
331	0.378680855
330	0.3889108002
329	0.3960983753
328	0.3961934149
327	0.3937703371
326	0.3885495067
325	0.3807653189
324	0.3734914064
323	0.3687382936
322	0.3689511716
321	0.3717887402
320	0.3800344467
319	0.3905449808
318	0.4033482373
317	0.4160882533
316	0.429343015
315	0.4433086216
314	0.4559763074
313	0.4679543674
312	0.4817836881
311	0.4952821732
310	0.5079454184
309	0.5232733488
308	0.5421822071
307	0.5593525767
306	0.5764812827
305	0.593850553
304	0.6093167067
303	0.624974966
302	0.6361863613
301	0.6428016424
300	0.6467053294
